> -L "3768" 
101.7086684222359 29.49743369231456
101.7086365273549 29.49747557263682
101.7085514310886 29.49753616999153
101.708490028379 29.49761432521893
101.7084366887305 29.49766159108242
101.7084083335976 29.4976784639554
101.7083605781714 29.49772242811662
101.7083014038905 29.49777320783267
101.7082443479651 29.49784608147544
101.7081976053483 29.49788171939183
101.7081291935509 29.49795126689999
101.708092375294 29.49798828780311
101.7080659107025 29.49803764219831
101.7080107121439 29.49811424036771
101.7079817670196 29.49815942846115
101.7079197843845 29.49824578620279
101.7078722124429 29.49829927838875
101.7078517883716 29.49833545514902
101.7078344366317 29.49838456208511
101.7078167740631 29.49840449485538
101.7077936975141 29.49846729063941
101.7077746685514 29.49851573864587
101.7077569423818 29.4985946609913
101.7077474905138 29.49863318681526
101.7077309065052 29.49867483276939
101.7077196193575 29.49871228990111
101.7076983264694 29.49875865896249
101.7076921302902 29.49879156484166
101.7076801511053 29.49884779141134
101.707678602455 29.49888556584977
101.7076820587522 29.49891883928677
101.707690905638 29.49893821982578
101.707698580461 29.4989857809503
101.7077212185358 29.49901997816841
101.7077425410508 29.49908207931516
101.7077824204602 29.49914434354341
101.7078217681796 29.49920587170505
101.7078696865136 29.49929609798723
101.7078996865709 29.49936706582191
101.7079518165304 29.49942363530982
101.7080005499485 29.49947695965018
101.7080539213689 29.49953535974534
101.7081262901598 29.49961451294669
101.7081598610663 29.49965123003635
101.7081982807524 29.499693339123
101.7082366926044 29.49973543702431
101.7082654156814 29.49976691571786
101.708308361728 29.49981398261632
101.7083465216502 29.49985583161386
101.7084039894049 29.49991901146213
101.7084611457979 29.49998184934852
101.7085281765792 29.50004616291653
101.7085944051565 29.50011911004458
101.7086412699903 29.50017068230489
101.7086644855556 29.50019618052587
101.7087405002284 29.50025172605467
101.7087864746417 29.5003022789641
101.7088530319232 29.50033827126871
101.7088909328058 29.50037891401086
101.7089250105527 29.5004061124834
101.7089497880056 29.50043253233282
101.7090012544309 29.50046917670499
101.7090443954508 29.50049697507923
101.7090997664893 29.50053786090239
101.7091560222112 29.50057063586704
101.7091805438196 29.50059683224514
101.7092457852835 29.50063020302788
101.7092986844561 29.50065045219405
101.7093362534069 29.50068157889652
101.7093790634581 29.50070938429349
101.7094084409552 29.50073178815391
101.7094342594096 29.50074106257632
101.7094553621801 29.50075455023182
101.7094940404711 29.50076844148143
101.709519191618 29.50078632673064
101.7095653411903 29.50081763393665
101.7096370893574 29.50085809892311
101.7097093356022 29.50088990596477
101.7097755304487 29.50091663703046
101.7098235946272 29.50094205769896
101.7098591262794 29.50095367755875
101.7099028603193 29.50097442790266
101.709928408505 29.50099351583446
101.7099670604602 29.50101793494837
101.7099916862561 29.50104523377752
101.7100350818091 29.50106576266172
101.7100604877942 29.50108481977417
101.7100810729 29.5011078254336
101.7101156391976 29.50112812160996
101.7101238415157 29.50113729494747
101.7101443212865 29.50116019889425
101.7101737931375 29.50118401034883
101.7102163021349 29.50121333044142
101.7102417120115 29.50123276937034
101.7102760584298 29.50125311735018
101.7102883048752 29.50126693279999
101.710313576784 29.5012862674102
101.7103355615809 29.50129273560048
101.7103607486594 29.50131201588171
101.7103945498919 29.50133164751138
101.7104061070673 29.50134418973659
101.7104302933322 29.50136156591975
101.7104720085076 29.50138024869829
101.7104918682746 29.50140251429231
101.7105156840162 29.50142923811234
101.7105573215232 29.50144802578532
101.710572634415 29.50146471127543
101.7105877248361 29.50148092631763
101.7105952669771 29.50148903052262
101.710629174816 29.50152546468439
101.710677937553 29.50155178630359
101.7106855725317 29.50156013671185
101.710722071778 29.50158236717557
101.7107410874597 29.50160314538434
101.7107770222667 29.5016242351895
101.7107952449149 29.50164323419278
101.7108207491039 29.50166982581067
101.7108412088883 29.50167365763206
101.7108630609005 29.50169644319289
101.7108933143038 29.50171924030919
101.7109286891258 29.50173914656088
101.7109520306147 29.50175530444508
101.7109847071769 29.50176343094373
101.7110304648861 29.50176756646732
101.711078157464 29.50175561065472
101.7111057993174 29.50174085341435
101.7111250568556 29.50172611897762
101.7111492116635 29.50170796684118
101.7111975590354 29.50167169934938
101.7112265846286 29.50164998007692
101.7112590402253 29.50160535690927
101.71130378792 29.50156523394984
101.7113288641424 29.50151241337133
101.7113542523105 29.50148668509824
101.7113698305127 29.50146775468459
101.7113972629604 29.50142562227157
101.7114102504344 29.50139465724692
101.7114185213771 29.50136779644756
101.7114304129415 29.50134463731189
101.7114495957993 29.50130289224971
101.7114579003289 29.50127602635136
101.7114811747011 29.50120079607763
101.7114942212798 29.50116954805886
101.7115035754929 29.50113417992807
101.7115143493785 29.50111854031733
101.7115383903674 29.50109877186521
101.7115794905281 29.50107928479015
101.7116051078134 29.50108001983045
101.7116502696736 29.50106636158987
101.7116857134815 29.50106024950959
101.7117162901304 29.50105791232309
101.7117394300409 29.50104707464148
101.7117540029956 29.50103584253728
101.7117783766898 29.50101743917322
101.7118039022771 29.50099102657518
101.7118355041992 29.50095308547609
101.7118513136783 29.50093410479345
101.7118610580774 29.50092664270793
101.7118695251982 29.5008995259116
101.7118584103379 29.50085985362502
101.7118644858391 29.50084831093255
101.7118582407371 29.50080484113794
101.7118593551594 29.50076948218097
101.711861747272 29.50075379435142
101.7118714290962 29.50071868466915
101.7118701250281 29.50069875113621
101.7118786184852 29.50067146723722
101.7118846160206 29.50063207458124
101.7118858164178 29.50062419084693
101.7118844137084 29.50057631182228
101.7118843125226 29.50054839717253
101.7118754658465 29.50051885197578
101.7118613542115 29.50046316754803
101.7118400126742 29.50042794117847
101.7118325023873 29.50041893387126
101.711809945552 29.50039188042907
101.711799809444 29.50037006692909
101.7117771957242 29.5003429323715
101.7117681792843 29.50031276552613
101.7117504326582 29.50028177513414
101.7117277164866 29.50025449775094
101.711717491768 29.50023251646329
101.7117023112767 29.50021428192909
101.7116757035455 29.50018232176074
101.7116490425506 29.50015029708435
101.7116414150127 29.50014113561775
101.7116223843619 29.50011857812311
101.7116033399559 29.50009604892345
101.711588166409 29.5000784666411
101.711569204436 29.50005662985124
101.7115502232084 29.50003477030696
101.7115198497562 29.50000000971822
101.7115085093787 29.49998729723277
101.7114895966041 29.49996609685353
101.711470669817 29.49994488042686
101.711455518108 29.49992789563416
101.7114365652681 29.499906650206
101.7114099986782 29.49987679892476
101.7113909917095 29.49985541271283
101.7113642695048 29.49982499170531
101.7113489706926 29.49980752490218
101.7113260014511 29.49978130060181
101.7113068408866 29.49975942445992
101.7112953354991 29.49974628872453
101.7112672848096 29.49972367187483
101.7112403802024 29.49969296115335
101.7112288055438 29.49967962005093
101.7111877403421 29.49965091428087
101.7111555786958 29.49962325972774
101.7111298878683 29.49961228083324
101.7110952078211 29.49960034654768
101.7110706101607 29.49958117196049
101.7110436805839 29.49957832886049
101.7110010433874 29.49955721840114
101.7109931958073 29.49954807937824
101.710963408076 29.49953245190136
101.7109155105485 29.49951474566664
101.7108974977538 29.49951295630852
101.710858958503 29.4994978026849
101.7108332749259 29.49948781591137
101.7107974196498 29.49948516966138
101.7107705118028 29.49948318318127
101.7107396944786 29.49947685793292
101.7106858053846 29.49947287458879
101.7106510295641 29.49946219790085
101.7106060469837 29.49945887236975
101.7105739481001 29.49946055701983
101.7105328979025 29.49946182060437
101.7104969194175 29.49945941147226
101.7104648367135 29.49946132459111
101.7104198102641 29.49945831149541
101.7103927783813 29.49945650251516
101.7103696611772 29.49945901945626
101.7103245641464 29.49945600315329
101.7102743404204 29.49945671043353
101.7101951820243 29.49946197776278
101.7101470370288 29.49947347998782
101.7101196495662 29.49947108594272
101.7100870412906 29.49947216802932
101.7100452734357 29.49947249006974
101.7100035483929 29.49947300915034
101.7099526422377 29.49947278043523
101.7099160459063 29.4994697861917
101.7098819501789 29.4994512318942
101.7098543072344 29.49942136407174
101.7098424750204 29.49940858684249
101.7098134303585 29.49935896053561
101.7097857672055 29.49932911031228
101.709763310144 29.49929572309127
101.7097435234258 29.49927436969723
101.7097341902285 29.49924597874426
101.7097116945386 29.49921253294561
101.7097075445466 29.49918051244608
101.7096842514286 29.4991452240788
101.7096751061491 29.49911727389136
101.7096649440273 29.49907036179621
101.7096573218937 29.49903517276908
101.7096441804076 29.49900284975193
101.7096335774854 29.49898224973988
101.7096219228271 29.49894260323118
101.7096183263513 29.49891182736157
101.7096132401667 29.49888834934045
101.7096151677883 29.49885472277847
101.7096079784285 29.49883709709828
101.7096002596712 29.49879084371722
101.7095996965352 29.4987621315615
101.709604619338 29.49873045188808
101.7095997494939 29.4986966041155
101.70959120917 29.4986865813082
101.7095967495113 29.4986289246874
101.70960942442 29.49858884468988
101.7096095099341 29.49855068713894
101.7096257981884 29.49850305966941
101.7096290250003 29.49847807036448
101.7096513801176 29.49841785712761
101.7096716712696 29.49837450154662
101.7096930006767 29.49832265184373
101.7097023641 29.49828513556081
101.7097062866833 29.49823936165945
101.7097302042847 29.49819918625056
101.7097396183921 29.49815028952088
101.7097744830965 29.49810404902661
101.709793595624 29.49805703000188
101.7098286642058 29.49799975385553
101.7098522916949 29.4979583411606
101.7098867153125 29.49791058875519
101.7099036167854 29.49789163496659
101.7099377876585 29.49785483643186
101.7099734819838 29.4977990662224
101.710036277824 29.49772823570783
101.7101045371614 29.49765473368583
101.7101812312228 29.49760437660384
101.7102028815969 29.49759276390686
101.7102515956763 29.49756692490269
101.7102732148725 29.49755546342076
101.710370498657 29.49719665318298
101.710365919551 29.4971897803733
101.7103643858104 29.49715582838258
101.7103572411213 29.49712395332755
101.7103475152071 29.49706695862937
101.7103152156039 29.49701824852749
101.7102781084719 29.4969622893111
101.7102501415805 29.49692011337999
101.7102200758713 29.49688108900752
101.710194360782 29.49684801618042
101.7101642925525 29.49680934492488
101.7101411648769 29.49678627344036
101.7100843026223 29.49677814639314
101.7100064936988 29.49677342533145
101.7098959824925 29.49677639365303
101.7098328272987 29.49677021298726
101.7097925955819 29.49677070886445
101.7097504134266 29.49677743133517
101.7097024366906 29.49678673203099
101.7096278875636 29.49680349775211
101.7095939025733 29.49682030159161
101.7095498191227 29.49684664921099
101.7095074523566 29.49687819984893
101.7094664789057 29.49691375017022
101.7094306596292 29.49694482714419
101.7093948714659 29.49697587821563
101.7093489022613 29.49701576156847
101.7093149350554 29.4970332771188
101.7092460260457 29.49706617455054
101.7092308146263 29.49708506515548
101.7091616140735 29.49711811995309
101.7091276129558 29.49713641174229
101.7090937871977 29.49715526759698
101.708986424318 29.49721511687159
101.7089297660808 29.49724670087665
101.7088730041903 29.49727834355041
101.7088216940495 29.49731770468671
101.7087833465555 29.49736070199348
101.7087080916504 29.49741066830428
101.7086684222359 29.49743369231456
> -L "3770" 
101.7055352411506 29.50062726123783
101.7055071602663 29.50065129309494
101.7054661912249 29.50070455292862
101.7054306413745 29.5007413367594
101.7054034352133 29.50078613624805
101.7053856553368 29.50079890763716
101.7053454366121 29.50086146797067
101.705316590104 29.50092578952134
101.7053077460373 29.50095865752927
101.705293178836 29.50099606367032
101.7052881863459 29.50104343074193
101.7052920801951 29.50109972796404
101.7053029508163 29.50114236928914
101.7053456506204 29.5011868493815
101.7053602695574 29.50120226958565
101.7054159066411 29.50124003443814
101.7054401954541 29.50126566539281
101.7054859742004 29.50129307436127
101.7055424169095 29.50132133835573
101.7055782842053 29.50133830106578
101.7056473992259 29.50135978115582
101.7057107211173 29.5013858235041
101.7057642238267 29.50140152286988
101.7058492048997 29.50143036461882
101.7059240278718 29.50144841437467
101.7059825836177 29.50145923456272
101.7060244436475 29.50147304265397
101.7060729238272 29.50148418743001
101.7061149159956 29.50149847286149
101.706160517333 29.50151589186352
101.7061908846896 29.50152749217362
101.7062515376203 29.50155065997672
101.706277168426 29.50155728304631
101.706321364807 29.50158363101484
101.7063677984134 29.50159176450806
101.7063979502951 29.50160323077911
101.7064477576282 29.50162534121083
101.7064894150031 29.50162850955142
101.7065140147088 29.50164474464914
101.7065491925665 29.50166218356319
101.7065854475777 29.50167046937405
101.7066252514927 29.50169304022201
101.7066710791638 29.50171213888784
101.7067132597148 29.50171698348735
101.7067226499848 29.50172727603639
101.7067834733084 29.50175265182952
101.7068196421479 29.50176138242013
101.7068499434266 29.50177402864639
101.7068639294457 29.50178939471212
101.7069046216694 29.50180319510698
101.706959156402 29.50183228486529
101.7069741397775 29.50183839037454
101.7070190556111 29.50185676034565
101.7070687509809 29.50188072599559
101.7071288578254 29.50190626930926
101.7071542964097 29.50191403826306
101.7071928626687 29.50194743124592
101.7072172660476 29.5019646843022
101.7072360026232 29.50198607543758
101.7072640518272 29.50201809918079
101.7072883295551 29.50203524688186
101.7073254956971 29.5020776249725
101.70735423043 29.50209978394374
101.7073931045681 29.50212297412981
101.7074207914551 29.50215461714926
101.7074631519115 29.5021924604841
101.7074861112401 29.50221872910425
101.7075383438951 29.50225733295857
101.7075575511257 29.50226874784872
101.7076049957939 29.50230196669708
101.7076422711621 29.50233414430241
101.7076859016916 29.50235254037342
101.707719445101 29.50236996537391
101.7077539065154 29.50237793644703
101.7077728740918 29.50238921300692
101.7078193874865 29.50237982617715
101.7078493446658 29.50238295601307
101.7079036442777 29.50239329195092
101.7079599542609 29.50238518503821
101.7080149868517 29.50238585751546
101.7080436170369 29.50239806065835
101.7080842087196 29.50239262700036
101.7081236853607 29.50239648771617
101.7081710061964 29.50237881984471
101.7081984759368 29.50235867882261
101.7082314044918 29.50233437967854
101.7082588414427 29.50231413262672
101.7083105839049 29.50225984864599
101.7083666397157 29.50221043246204
101.7083995573832 29.50218614256714
101.7084324706316 29.50216185621169
101.7085366919684 29.5020851048795
101.7085696651374 29.50206144750618
101.7085916402449 29.5020456807234
101.7086135959142 29.50202988808402
101.7086325132171 29.50200018959809
101.7086648758021 29.50194474022529
101.7086972455349 29.5018890704533
101.7087282876494 29.50184113326819
101.7087788860338 29.50179573920263
101.7087978202956 29.5017655474839
101.7088136532399 29.50171981954022
101.7088075608161 29.50169061154466
101.7087812967441 29.50162573495288
101.7087555560827 29.50159389960172
101.7087192160868 29.50152657914555
101.7086913184634 29.50146924387225
101.7086621611197 29.50142173809606
101.7086186676457 29.50136748492113
101.7085923990418 29.50133403820466
101.7085660597091 29.50130050143077
101.7085396485407 29.50126687269681
101.7085175838586 29.50123877911485
101.7085065592852 29.50120160324202
101.7084844130222 29.5011734396376
101.7084444245496 29.50112258651963
101.7083998175839 29.50106587221898
101.7083875199973 29.50103878470479
101.7083564062882 29.50100100577415
101.7083341638462 29.50097399185389
101.7083163263087 29.50095229939393
101.7082805765742 29.50090882274844
101.7082536979201 29.50087613467465
101.7082484104301 29.50083734507372
101.7082261241379 29.50081111587879
101.7082139618438 29.50078603833036
101.708189597295 29.5007358025209
101.7081773956995 29.50071064402006
101.7081594552475 29.50068938815352
101.7081483294952 29.50065412373657
101.7081359870701 29.50062830490979
101.7081248274838 29.50059294499959
101.7081033971221 29.50055612153066
101.7080843168395 29.50050014672904
101.7080730849618 29.50046458453172
101.7080560924246 29.50043303264929
101.7080378806081 29.50041100812537
101.7080059514133 29.50037239385549
101.70799589386 29.50032746737011
101.7079698762748 29.50028599476924
101.7079471421447 29.50025924543284
101.7079404780497 29.50022963948288
101.7079143546731 29.5001879896318
101.7079031008216 29.50015292904154
101.7078930491616 29.50010834170052
101.7078839066255 29.50009756029883
101.7078692540993 29.50004748428461
101.7078601846865 29.49999224454361
101.7078437335589 29.49994873766857
101.707831914292 29.49991094278974
101.7078258374871 29.49986868152845
101.7078186716244 29.49983656628297
101.7078136600483 29.49978390751132
101.7078169290692 29.49975312601465
101.7077840631405 29.4997120427169
101.7074725667656 29.49954052954754
101.707441801389 29.49952596189998
101.7074264020138 29.4995186711902
101.7074003992683 29.49951008334874
101.7073464509231 29.49951435367279
101.7072826031404 29.49950605415451
101.7072496691787 29.49951244446353
101.7072176847164 29.4995083440739
101.7071788876345 29.49951930521145
101.7071061086989 29.49954717342723
101.7070661595413 29.49956811855527
101.706970496197 29.49960224284002
101.7068918371297 29.49963502167065
101.7068360698197 29.49964846253473
101.7067743861857 29.49966639356735
101.7066922223573 29.49971545690588
101.7066238908 29.49973605452189
101.7065505762769 29.49976386644061
101.7064442337217 29.49979915476031
101.7063815081948 29.49982797220621
101.7063637120365 29.49984091557421
101.7062759560329 29.49989633130636
101.7062236776077 29.49992560614138
101.7061698907479 29.49996366698496
101.7061160796469 29.50000174589776
101.7060694955689 29.5000384612857
101.7060228761689 29.50007503262435
101.7059641244122 29.50011965969703
101.7058885706619 29.50020303490282
101.7058286458225 29.50028031706861
101.7057944577776 29.50030896089925
101.7057650363561 29.50034262137931
101.7057246471152 29.50037490839737
101.7057055624301 29.50040852506404
101.7056484712025 29.50046714026405
101.7056293373513 29.50050048883319
101.7055940744476 29.50054961641143
101.7055585764922 29.50059817781885
101.7055352411506 29.50062726123783
> -L "3773" 
101.7115878484714 29.49977706998587
101.7115850351753 29.4998274593128
101.7115816234755 29.49988934979732
101.7115782156766 29.49995109092077
101.7115871451063 29.50000144200716
101.7116089432664 29.50003114973671
101.7116419175545 29.50007074019679
101.7117095239922 29.50012082929217
101.7117541581067 29.50016214372216
101.7117876219842 29.50019311873664
101.711821075794 29.50022408489994
101.7118433729762 29.50024472378514
101.711875540144 29.50029774920615
101.7118971820506 29.50032937835916
101.7119175270469 29.50038307702292
101.7119476759285 29.5004690147776
101.7119574962454 29.50050129182853
101.7119537524534 29.50056492059797
101.7119859079102 29.50061525427117
101.711982858218 29.50066680190428
101.7119927540866 29.50069729457188
101.7119897033633 29.5007487616894
101.7119872653217 29.50078989650526
101.7119842012203 29.50084152570803
101.711979693828 29.50091709184853
101.7119751798767 29.5009928296662
101.7119712614446 29.50105851288284
101.711954917613 29.50113732676526
101.71192830463 29.50119410222706
101.7119263142268 29.50122785774199
101.7119228786259 29.50128579693171
101.711907869847 29.50134369149298
101.7118814252692 29.50140004615742
101.7118673687355 29.5014428534659
101.7118661217934 29.50146419392241
101.7118393131236 29.50152828887189
101.7118362961294 29.5015801388449
101.7117606872433 29.50169334758003
101.711791001461 29.50176608983605
101.7118103759772 29.50182844607448
101.7118159087136 29.50193094327144
101.7118549536276 29.50204753485725
101.7118937914324 29.50216501505056
101.7118887556891 29.50224962824315
101.7119065225469 29.50233439851558
101.7119147684873 29.50238708070461
101.711911798298 29.50243679825006
101.7119428736547 29.50248832426831
101.7119387367946 29.50255739996108
101.7119364292957 29.50259611171246
101.7119325518968 29.50266160813366
101.7119637500369 29.50271032460117
101.7119603664153 29.50276717065607
101.7119660637124 29.50285978509728
101.7119962294962 29.50292251374646
101.7120357050857 29.50301630860967
101.712107511232 29.50313268613699
101.712200693899 29.50326143073021
101.7122724172465 29.50336809642688
101.7123011477983 29.50344180138337
101.7123319487454 29.50348432684433
101.7123290890226 29.50352563653738
101.7123500628823 29.50354703688967
101.7123800477684 29.50359970141313
101.7124102529447 29.50365038821505
101.7124396433479 29.50371150640669
101.7124710072081 29.50374303672822
101.7124703206598 29.50375294045566
101.7125002788969 29.50380418720575
101.7125517601667 29.50386618912141
101.7125809902484 29.50392658483526
101.7126330041154 29.50397860268237
101.7126628277075 29.50402901162102
101.7127023020717 29.50409931318805
101.7127197165242 29.50416754432069
101.712748189829 29.50423611725793
101.7127772359138 29.50429535332906
101.7127856030873 29.5043338654215
101.7128147586451 29.50439214448908
101.7128321275678 29.50445942047643
101.712872300694 29.50451781816896
101.7129000261474 29.5045945245651
101.7129487800674 29.50468264771875
101.7129774345525 29.5047415767274
101.712995200167 29.50479931266566
101.7130245805661 29.50484826579748
101.7130429805239 29.50489650926518
101.713071253183 29.50495591285919
101.7130889159567 29.50501327013919
101.7130953732026 29.50507772449851
101.7131146868534 29.50511533514315
101.7131544048178 29.50517279397589
101.7131828918755 29.50523046128433
101.7131910679622 29.5052678963762
101.7132087131084 29.50532447345595
101.7132377695149 29.50537283822316
101.7132459105432 29.5054101553561
101.7132755743279 29.50544933751007
101.713313039854 29.50552645592284
101.7133314616811 29.50556573628452
101.7133475674206 29.50563291153048
101.7133751076106 29.50569160096488
101.7134032392617 29.50574120682143
101.7134304861395 29.50580014124367
101.7134379853156 29.5058383282019
101.7134877430145 29.50588109344364
101.713525298265 29.50594101074319
101.7135529715173 29.5059905433808
101.7135914192396 29.50604038870469
101.7136201493902 29.50607968184564
101.7136472309819 29.50613727883298
101.7136742594892 29.50619476263786
101.7137028526482 29.50623383772687
101.7137314046205 29.50627285694198
101.7137387321045 29.50631022771576
101.7137777115117 29.50635011540134
101.7138238683993 29.50642719428586
101.7138416324767 29.50646523618401
101.7138561029373 29.5065318988993
101.7138648373308 29.50655107614869
101.713901544338 29.50660925001157
101.7139502140232 29.50665022336467
101.7139861629445 29.50671669959864
101.7140352482898 29.50676405855761
101.7140543183652 29.50679148498327
101.7141055394338 29.50681998240418
101.714145216306 29.50685699307053
101.7142163476962 29.50690373356709
101.7142452341945 29.506940345467
101.7142749787898 29.50696797483885
101.7142956838955 29.50697743239789
101.7143568996444 29.50701475120183
101.7144090884741 29.50703391087752
101.7144297851407 29.50704336437104
101.7144810663285 29.50707146462333
101.7145332466532 29.50709062122973
101.7146169205299 29.50711948495776
101.714720345245 29.5071667263329
101.7147941473464 29.50718640235608
101.7148479539736 29.50718802668256
101.7149453505299 29.50719040712411
101.7150105456991 29.507191758475
101.7151300493891 29.5071943954905
101.7151952954403 29.50719583383782
101.7152396974033 29.50718798213679
101.7153176930209 29.5071720214483
101.7153748639918 29.50714673682197
101.7154539342458 29.50712189700445
101.7155449561463 29.5070884090333
101.7156003620012 29.50706498451673
101.7156240896348 29.50703976585104
101.7156706105376 29.50699820656968
101.7156957633441 29.50696363528273
101.7157228220946 29.50691126266016
101.7157420347643 29.50683163331844
101.7157487702116 29.50676912138321
101.7157582219616 29.5066878116832
101.7157693039654 29.50659668678149
101.7157770689006 29.5065327596841
101.7157849267464 29.50646862376848
101.7157941611425 29.50638694516906
101.7158012664707 29.506323389931
101.7158173645318 29.50627019651857
101.7158332901064 29.50620918521384
101.7158378516491 29.50615626230146
101.7158442652691 29.50609324113432
101.7158497691722 29.50603915685392
101.7158543606629 29.50599404186302
101.7158571176302 29.50596695219537
101.7158635560634 29.50590368772163
101.715872759612 29.5058211362145
101.715857162479 29.50577306749725
101.7158653291674 29.50569947414684
101.7158600083278 29.5056523948877
101.7158462809769 29.50558576573945
101.7158220689075 29.50551797462651
101.7158052191256 29.50547887482238
101.715778886971 29.50542940844472
101.7157535816001 29.50537049132066
101.7157081738182 29.50530010274966
101.7156727202181 29.50523122543116
101.7156168849243 29.50515102154339
101.715593676396 29.50507226283416
101.7155692219525 29.50500296232314
101.7155259998323 29.50490384993602
101.7154722627466 29.50480293471252
101.7154268941331 29.50472189495369
101.7153804051601 29.50465015088496
101.715333543402 29.5045786718241
101.7153056239771 29.50452895497778
101.715287522195 29.5044896225699
101.7152619385942 29.50441204700099
101.7152224248653 29.50437017925291
101.7151849411718 29.50430097423912
101.715105846879 29.50420083209863
101.7150094652467 29.50404267925376
101.7149617198304 29.50395446338185
101.7149258475308 29.50385719402797
101.714869294042 29.50375512752482
101.7148518758467 29.5037050253013
101.7148051762971 29.50360542428834
101.7147578587405 29.5035298185913
101.7147103565224 29.50345409476666
101.7146644573035 29.50335874905848
101.7146273784888 29.50328437156412
101.7146101833761 29.50323231493966
101.7145829527122 29.503168921943
101.7145775144092 29.50310822519317
101.7145573495227 29.50308593706618
101.7145175850946 29.50303215550448
101.7144887167945 29.5029796908217
101.7144614249173 29.50290775329427
101.7144332719074 29.50284539415138
101.7144066855634 29.50276346714576
101.7143489858958 29.50264887319759
101.7143223605013 29.5025587291024
101.7142869322473 29.50245270904922
101.71425154189 29.50234590598975
101.7142236233366 29.50228064470307
101.714185753326 29.50218777611691
101.7141657556766 29.50214822455776
101.7141130082955 29.50208002616802
101.7140835184513 29.5020114892369
101.7140524437263 29.50196268069545
101.7140327017508 29.50191471908042
101.7140023039415 29.50185623327365
101.713994026436 29.5018086387911
101.7140014984286 29.50171766754578
101.7140089298964 29.5016338863315
101.7140142847767 29.50156454702096
101.7140208770298 29.50147639368094
101.7140315190298 29.50134482826067
101.7140370499551 29.5012817635739
101.714045618576 29.50117887693939
101.7140539183047 29.5010768088159
101.7140597291827 29.50099814218467
101.7140656995745 29.50091167221449
101.7140724845364 29.50082208454053
101.7140783266575 29.50075019887945
101.7140822888774 29.50069960987103
101.7140862541053 29.50064897492435
101.7141005530084 29.50061072733127
101.7141267747249 29.50056462210171
101.7141299659364 29.50052403511438
101.7141555599009 29.5004803253838
101.7142053244946 29.50040537899872
101.71424372242 29.50033611748153
101.714291070183 29.50029856558159
101.7143259990103 29.50027781534178
101.7143725185123 29.50025017889328
101.7144315713651 29.50020494776192
101.7144999254744 29.50018238385341
101.7146498294812 29.50011636165817
101.7147047660467 29.50012041720023
101.714618624258 29.49979733217864
101.7145319960896 29.49975062025914
101.7145216231633 29.49973856538453
101.7144343598821 29.49970024039676
101.7143252618919 29.49964029871871
101.7142917836928 29.49963343487057
101.7142367284012 29.4996046678434
101.7141923995853 29.49958676963526
101.7141371359714 29.49955823903105
101.7140694572195 29.49954592791036
101.7139788370511 29.49953042121809
101.7139221097762 29.49952071454454
101.7138539461115 29.49950905106887
101.7137852649896 29.49949934732647
101.7137163350001 29.49949047821419
101.7136473361011 29.49948160034626
101.7135667526109 29.49947123176934
101.7135206633588 29.49946530184258
101.7134745439863 29.49945936727632
101.713346707637 29.49946020028858
101.7131723856832 29.49944860074118
101.7130663704553 29.49946344175417
101.7129611202668 29.49946096619102
101.7128314856717 29.49947334182115
101.7126785602387 29.49947144698404
101.7125492912523 29.4994642735895
101.7124317460377 29.49945775066557
101.7123376912077 29.49945253081051
101.7122425688804 29.49946544196087
101.712136689269 29.49945993071061
101.7120303423235 29.49946220485586
101.7119581909342 29.49948468537463
101.7118987420282 29.49949183158079
101.7118033334014 29.49950895556398
101.7117074189178 29.49953550212541
101.7116457125529 29.49958404025486
101.7115957360172 29.49963614261139
101.7115923530643 29.49969653234076
101.7115878484714 29.49977706998587
