> -L "3769" 
101.7166628413443 29.50007451252749
101.7166031257187 29.50013159429411
101.7165478161975 29.50017836178171
101.7165178077292 29.50021608610224
101.716458692875 29.50027531470705
101.7164403536859 29.50031501479501
101.7163975642173 29.50036652064061
101.716375783515 29.50041954929908
101.71637388501347 29.500435137292417
101.7163657971973 29.50043998078236
101.7163403469015 29.50046760286585
101.7163015182078 29.50049556473398
101.7162715933926 29.50052814723852
101.7162514471517 29.50055693178148
101.7162353863091 29.50058547889478
101.7162273177596 29.50061374486962
101.7162159912736 29.5006465543626
101.7162119475608 29.50067443685773
101.7162085582979 29.5007067674006
101.7162066483927 29.50074839888681
101.7162074060698 29.50078067926993
101.7162120616323 29.5008127862155
101.7162153712189 29.50083560967069
101.7162241549513 29.5008917272451
101.7162423038385 29.50093032081915
101.7162730598167 29.50099447441406
101.7163139944781 29.50105297020198
101.7163456929735 29.50108839021678
101.7163772342128 29.50112363434788
101.7164158122254 29.50115796459727
101.7164536435664 29.50119100128244
101.7165003855887 29.50123651477844
101.7165339936723 29.50126901186623
101.7165587698148 29.50129260773432
101.7165916800984 29.50132391913666
101.7166233645641 29.50134643081402
101.7166748872025 29.50138405338481
101.7167262284695 29.50141827246194
101.7167819708084 29.50146055063968
101.7168135985748 29.50148343296423
101.7168379339631 29.50150686271189
101.7168762452869 29.50152487541561
101.7168839054314 29.50152847669117
101.7169149448107 29.50154705745487
101.7169608974696 29.50157201692446
101.7170067715607 29.50159688934936
101.7170482874489 29.50161378170061
101.7170706916999 29.50161999762356
101.7171000431302 29.50162139450633
101.7171291467815 29.50161864726287
101.7171655704603 29.50161499511237
101.7172092625361 29.50161004508214
101.7172495087473 29.50160548499114
101.7172987748062 29.50161107643089
101.7173063306192 29.50161076150064
101.717336070269 29.50160093751393
101.7173616201547 29.50158263172747
101.7173911341883 29.50156405707397
101.7174169857725 29.50154554206353
101.7174353570815 29.50153117262963
101.7174465777201 29.50152596320852
101.7174616535491 29.50152048797409
101.7174808385254 29.50151920899716
101.7175154560005 29.50151690070634
101.717538594461 29.50151535804236
101.7175735856522 29.50151752105159
101.7175852046568 29.50151674873783
101.7176008948593 29.50152020298055
101.717624191278 29.5015186586631
101.7176514320366 29.50151685342572
101.7176826459758 29.50151478460194
101.7176865539129 29.50151452592245
101.7177062478891 29.50151773526756
101.7177507592815 29.50152835433775
101.717778924393 29.50152924612492
101.7177992145133 29.50153462656458
101.7178235319864 29.50154013497113
101.7178399175646 29.50155011710237
101.7178561599743 29.50155536284591
101.7178805691966 29.5015655882007
101.7179009252801 29.50157567235502
101.7179212582657 29.50158574516437
101.7179457482281 29.50160532099872
101.7179661443753 29.50162470268257
101.7179822276008 29.50163840438296
101.7179939955114 29.50166386389583
101.718009871548 29.50167243874326
101.7180215030638 29.50170195398785
101.7180254339051 29.50170618150904
101.7180331828282 29.50172298205248
101.7180488496029 29.50173982426591
101.7180643510292 29.50176491917151
101.718079862724 29.50178578823192
101.7181030818043 29.50181491613924
101.718133912456 29.50185219701351
101.718153005139 29.50186280357634
101.7181796773692 29.50188575387621
101.7181985964936 29.50190498478335
101.7182177287738 29.50191610744342
101.7182407552614 29.50192704054435
101.7182634742719 29.50194596840458
101.7182977452349 29.50196849725515
101.718332263183 29.50198793193488
101.7183631800103 29.50199946318294
101.71837292364458 29.502003643481814
101.7183990079908 29.50203916054286
101.7184428015153 29.50206302192795
101.7184827686009 29.50207987469383
101.7185309547075 29.50209322598915
101.7185994086845 29.50210626748698
101.7186355435561 29.50211655797363
101.7186634448202 29.50213048114327
101.7187324784578 29.5021262349047
101.7188173586415 29.50213248094397
101.7189110501866 29.50211792634539
101.7189439512888 29.5021039190434
101.7190098355986 29.50207487891484
101.7190428393379 29.50205977139014
101.7190841152402 29.50204087803692
101.7191832746473 29.50199548668916
101.7192583934867 29.50194377352526
101.7193132224881 29.50189266177435
101.7193861950153 29.50179760042369
101.7194329560868 29.5017496075174
101.7194535116979 29.50163669155842
101.7194630556592 29.50159828522881
101.7194738567964 29.50152512373399
101.7194687031777 29.50144191356684
101.7194552526163 29.50136235672268
101.7194494760563 29.50129639038871
101.7194347857484 29.50125145424326
101.7194245236518 29.501196223514
101.7193982536073 29.50113122591241
101.7194000907943 29.5010792438173
101.7193930445318 29.50104824014234
101.7193828053932 29.50099268870292
101.7193527856181 29.50092005706363
101.7193502609659 29.50087786833751
101.7193433128145 29.50084586422379
101.7193370449259 29.50079592113483
101.7193300840012 29.50076394896722
101.7193398042402 29.50072391347431
101.7193168425494 29.50068195229009
101.7193060450369 29.50064294108439
101.7192830539138 29.50060107102287
101.7192651909859 29.50053070328035
101.7192427430591 29.50047206769286
101.7192330758795 29.50039900035727
101.7191990435661 29.50031999548185
101.7191958179825 29.50029563233219
101.71918718592848 29.50024907218167
101.719189312146 29.5002339718112
101.719197109992 29.50021221838553
101.7192038876431 29.50019776248018
101.7192059610766 29.50018307333761
101.7192137944882 29.50016121947628
101.719215876358 29.50014648563347
101.7192195276565 29.50012065751483
101.7192284433262 29.50009128026277
101.7192305412655 29.50007645866978
101.7192336907717 29.50005419602703
101.7192405407963 29.50003953431331
101.7192473978841 29.50002485499047
101.7192542648347 29.50001015633316
101.7192627338692 29.49998423308745
101.7192696237992 29.4999694789255
101.71920845621513 29.49978527997716
101.7192139225228 29.49976667179395
101.7192361277057 29.49970465146277
101.7192832792267 29.49961956935791
101.7193384720607 29.49953188011472
101.7193599495855 29.4994866982902
101.7192787050551 29.49936453677439
101.7192471960238 29.4993411238644
101.719196040929 29.49929933136078
101.7191567805225 29.49926259064473
101.7191050704885 29.49923551863637
101.7190532631839 29.49920839503124
101.7190095349625 29.49917970414296
101.7189695357952 29.49915898444515
101.7189415385977 29.49914356444216
101.7188200038136 29.49911662708587
101.7187223631536 29.49910197721781
101.7186565895136 29.49911110843342
101.7185952393061 29.49911110957946
101.7185620274347 29.49912378505086
101.7184789424105 29.49915549354562
101.7184456859519 29.49916818586687
101.718404125508 29.49918517270059
101.7183331244733 29.49922165225887
101.7182491813963 29.49926944738472
101.7180325645797 29.49935625096927
101.717891157661 29.49941702153807
101.7177581255095 29.49947443553841
101.7176597141177 29.4995277731823
101.7175858894777 29.49956616926823
101.717471151797 29.49962466321639
101.71746347386257 29.499628501032
101.7174124577 29.4996396016255
101.717326627012 29.4996582774957
101.717283711667 29.4996769533659
101.717240796323 29.4996956292291
101.717197880979 29.4997143050924
101.717154965635 29.4997329809488
101.717047677274 29.49975165680519
101.716940388913 29.4997703326547
101.716918931241 29.4998823876484
101.716918931241 29.499887482760677
101.7168467805175 29.49994572103011
101.7167582336393 29.50000573591402
101.7167127736229 29.50003504177374
101.7166628413443 29.50007451252749
