> -L "6339" 
102.0143925655696 29.91160369934147
102.01435388677 29.91156804744262
102.0143060604381 29.911515955346
102.0142628616164 29.91147213772191
102.0141902892371 29.91140925268354
102.014151751214 29.91137373309341
102.014113240055 29.91133823901185
102.0140799442183 29.91129120201871
102.0140302054877 29.91124033032447
102.0140039868851 29.91120069742998
102.0139732223694 29.91117243744686
102.0139506068729 29.91114129343067
102.0139198334634 29.91111302410954
102.0138809052137 29.91108763315154
102.0138229620359 29.91103959110401
102.0137804041047 29.91100568263157
102.0137342134652 29.91096325243133
102.0136925134652 29.91090941038197
102.01366973485 29.91087825975963
102.013655257571 29.91084414921349
102.013633532175 29.91079296384178
102.013611769572 29.91074177473069
102.01358632848 29.91068203245292
102.0135527220542 29.91062516464052
102.0135344044096 29.91057244617589
102.0135162338539 29.9105195951153
102.0135010732329 29.91047549789588
102.0134707028138 29.91038716173777
102.0134463596605 29.9103163535274
102.0133906506706 29.91022734275578
102.0133518565255 29.91016215150707
102.013336251216 29.91012821853598
102.0133116344333 29.91007790272998
102.0132564272064 29.91002901842347
102.0132189102479 29.909973633084
102.013176690994 29.90992992653491
102.0131385948398 29.90989462029104
102.0130747476456 29.90984917106718
102.0130125334956 29.9098029429706
102.0129617371441 29.9097823054653
102.0129236708962 29.90976683977001
102.0128674654416 29.90975832855882
102.0128239920842 29.9097549730859
102.0127932135079 29.90975676443643
102.0126404862501 29.90976526346316
102.0125889033666 29.90976501098461
102.0125113706264 29.90977457833
102.0124380437971 29.90979242959641
102.0123734940824 29.9098069845892
102.0123130956292 29.90982980256832
102.0122635363449 29.90984987070136
102.0122260756223 29.90987526008685
102.0121907264806 29.90991002536702
102.0121393520107 29.91001044504977
102.0121365635292 29.91006126379153
102.0121367342897 29.91009099210751
102.0121462741435 29.91014678879534
102.0121556381146 29.91017287244428
102.0121836918881 29.91025102237805
102.0122047665476 29.91031207259838
102.0122344964751 29.91036977205276
102.0122520030862 29.91042219268566
102.0122665709545 29.91046581341602
102.012266043936 29.91049547130287
102.0122188177569 29.91057212623621
102.0121940731295 29.91059124864559
102.0121471402193 29.91060907763244
102.0120718073269 29.91060856783077
102.0120434642435 29.91061939519284
102.0120091365348 29.91061303918163
102.0119259031164 29.91062566564767
102.0118784055529 29.91062491603802
102.0118268056724 29.91064530539222
102.011782639248 29.91065304554679
102.0117283750477 29.91066481288431
102.0116875387232 29.91068097980072
102.011640760089 29.91068016076921
102.0115536619326 29.91069541777012
102.0115142950722 29.91068213820712
102.0114679924618 29.9106813216263
102.0113818473259 29.91069649701341
102.0113290229115 29.91070803305194
102.0112634584331 29.91071512783394
102.0111686777421 29.91073404913529
102.0111075891084 29.91074896224983
102.0110258193355 29.91076249718128
102.0109684874279 29.91078548114252
102.0108924352305 29.91081597113995
102.0108379381217 29.91084738530887
102.0107829997635 29.91087903587816
102.0107381006615 29.91090656033577
102.0106940196829 29.9109336224682
102.0106611812803 29.91095588348882
102.0106229527338 29.91098949068303
102.0105645854585 29.91104945098887
102.0105355207851 29.91107930904939
102.0104952365734 29.91113193454969
102.0104487962357 29.91116840087339
102.0104120169391 29.91122857480192
102.0103945281349 29.91123533904892
102.0103666808469 29.91129184362999
102.0103578864149 29.91134066307502
102.0103349537143 29.91139438956714
102.0103212160376 29.91142657389733
102.0103179685176 29.91148185635722
102.0102996925263 29.91152463428352
102.0102894918942 29.9115643720604
102.0102884180242 29.91158273838475
102.0102760933009 29.91165907357972
102.0102843976415 29.91171875521706
102.0102985773932 29.91181200038611
102.0103103350866 29.91187919715225
102.0103381334143 29.91194053313042
102.010362701513 29.91199408573125
102.010395906297 29.91206230508295
102.0104217392058 29.91211538004219
102.0104475794375 29.91216846817751
102.0104741634968 29.91220352325913
102.010477856733 29.91221111201313
102.0105229360206 29.91228414630179
102.0105569544826 29.91233444849218
102.0105791419529 29.9123800251395
102.0106065533823 29.91239714100656
102.0106295227662 29.91242471079893
102.0106852265183 29.91244096425985
102.01072826266 29.91247056063614
102.0107945027281 29.91250998793769
102.010845435792 29.91253698479724
102.0108928576069 29.9125563489612
102.0109320613763 29.91257856928857
102.0109594191084 29.91259595608647
102.0110272380444 29.91261744389899
102.0110868729343 29.91264180136303
102.0111394192282 29.91265079872806
102.011209572119 29.91265399150652
102.0112931445046 29.91266181664475
102.0113436036796 29.91266288229036
102.0113933420673 29.91268218842463
102.0114315548528 29.9126784439353
102.0114526253364 29.9126804181941
102.0115112146156 29.91269692663198
102.0115959101289 29.91270488502956
102.0116297020353 29.91271174179486
102.0116839421628 29.91273895758713
102.0117393041005 29.91274784775512
102.0118092426628 29.91276129341785
102.0118482029175 29.91277580816962
102.0118911394316 29.91279813217459
102.0119172020192 29.91280784543585
102.011991657734 29.91282925353697
102.012061103126 29.9128614785403
102.0121307602556 29.91289380148923
102.0121702947495 29.91290854145496
102.0122284489061 29.91291747190296
102.0123000378597 29.91293136630337
102.012334514838 29.91295698617997
102.0124064619995 29.91297098367907
102.0124558922743 29.91298297326956
102.0125148565063 29.91299207209399
102.0125805023159 29.91303577344236
102.0126208606094 29.91305079667491
102.0126518053045 29.91306875624046
102.0126867916605 29.91309467160398
102.0127163153196 29.91313145729183
102.0127418575828 29.9131603314997
102.0127674194975 29.91318922823793
102.0127970147725 29.91322609996682
102.0128361966855 29.91326014004672
102.0128618352987 29.91328912120936
102.0128834744592 29.91331015899521
102.0129404326199 29.91335741361873
102.0129661598809 29.91338648579296
102.0130096090594 29.91342872619146
102.0130338159378 29.91347665764651
102.0130575188384 29.91352465431822
102.0130640599473 29.91354075668225
102.0130934749005 29.91361316207174
102.0131098020253 29.91365335285941
102.0131231160189 29.91370410856518
102.0131485159676 29.91377881109769
102.0131709634215 29.91384545866651
102.0132263191925 29.91393310620608
102.0132666939644 29.9139970337131
102.0132818601881 29.91402104665011
102.0133411207185 29.91407988140733
102.0133903689637 29.91414155974528
102.0134494297555 29.91420077276399
102.0135233901195 29.91426564990145
102.0135769709442 29.91429829274476
102.0136120239173 29.91431743638577
102.0136738402247 29.91433956004818
102.0137060616087 29.91435871726974
102.0137538074549 29.91436454233108
102.0138058732998 29.91437852986184
102.0138877795019 29.91438471147702
102.013961538862 29.91437455501572
102.0140056288698 29.91437224435704
102.0140640651546 29.91437549870709
102.014104122541 29.91436497320981
102.0141728974503 29.91436558765115
102.0142333529383 29.91434973188954
102.0142737628615 29.91433913317314
102.0143446867417 29.91432053138738
102.0144158753445 29.9143018601099
102.014466887588 29.91428848062242
102.0145385320485 29.91426968975695
102.0145795927289 29.91425892043679
102.0146619768512 29.91423731219777
102.0147239970228 29.91422104616561
102.0147758331095 29.9142074502841
102.0148026368041 29.91419092274866
102.0148428230803 29.91417999253555
102.0148949430155 29.91414681480914
102.0149288287498 29.91409954912601
102.0149586460847 29.91404379421157
102.0149968221383 29.91400470667456
102.0150147876023 29.91397113498773
102.0150387780717 29.91392630301862
102.0150668844325 29.91388980589918
102.015094683695 29.91385325899981
102.0151183429747 29.91380822519788
102.0151333547925 29.91374627275218
102.0151702991501 29.91368702647689
102.0151865389453 29.9136531482153
102.015192854069 29.91362212204119
102.0152181616898 29.91360504319075
102.0152987907216 29.91356213397815
102.015338751978 29.91355052305592
102.0154179477007 29.91354707435724
102.0154983246723 29.91352375334264
102.0155688704023 29.9135032836209
102.0156396228235 29.91348275459239
102.0157105790894 29.91346216574338
102.01576138905 29.91344742327722
102.0158326995565 29.91342673153293
102.0158939882371 29.91340894876639
102.015955430092 29.9133911210013
102.0159964759818 29.91337921045783
102.0160880741312 29.9133724614228
102.0161753351043 29.9133571066509
102.0162675725574 29.91335029423144
102.0163403491417 29.91332925066056
102.0163162804393 29.91304658723741
102.0162796614333 29.91301807107832
102.0162452641341 29.9129984181597
102.0162047202847 29.91297036453927
102.0161583948068 29.91293390751853
102.0161238094492 29.91291437800716
102.0160601776493 29.91285277475984
102.0160342305364 29.91283043885761
102.0159824170743 29.91278583673516
102.0159164427082 29.91273584231984
102.0158138903942 29.91266704032564
102.0157035460942 29.91258890456956
102.0155991582709 29.91249215070999
102.0155179912181 29.91242872851964
102.0154501628711 29.91237097386896
102.0153994488774 29.91233800334507
102.0153693755163 29.91230785530887
102.0153336978289 29.9122695411918
102.0152849912049 29.91222580720859
102.0152475993079 29.91219849595082
102.0151915888948 29.91215758668232
102.0151542989714 29.91213035111947
102.0151170500429 29.91210314459869
102.0150798417291 29.9120759682064
102.0150296706189 29.91204338557163
102.0149851206565 29.91201896389564
102.0149475373733 29.91199199029311
102.0149033535968 29.91197794576942
102.0148518132098 29.91193651245808
102.0147970701455 29.91190618868307
102.0147422400471 29.91187591542378
102.0146828657023 29.91183737589006
102.0146362837664 29.91180430200044
102.0145939013604 29.9117796292578
102.0145508058713 29.91173550919725
102.0145120196107 29.91169976375271
102.0144778664194 29.91167229791385
102.0144312718106 29.91163937584062
102.0143925655696 29.91160369934147
