> -L "10" 
94.61724464444917 31.15653582153881
95.15506673549335 31.11478616112932
95.30468038878342 31.108558422690006
95.47673803930077 30.995932070520336
95.54974715159256 30.90497719210735
95.59688129369323 30.892500507433923
95.64744484006808 30.88952618117666
95.68908540767056 30.892500507433937
95.71585434398659 30.898449159948495
95.74559760655995 30.919269443749904
95.78426384790528 30.951987032580607
95.81103278422137 30.97578164263923
95.84969902556664 30.993627600183366
95.87218783385386 30.99700092142639
95.95023125306459 30.965074068112852
96.03589184927567 30.943658919059995
96.16438274359247 30.922243770007192
96.30358121243572 30.857998322848925
96.37496504261163 30.815168024743226
96.41065695769967 30.765199343620054
96.41779534071713 30.704523087970518
96.45348725580514 30.611724108741715
96.49274836240207 30.4939407889513
96.49274836240205 30.46538725688105
96.45705644731406 30.443972107828177
96.40351857468202 30.41898776726661
96.36068827657637 30.386865043687354
96.37139585110278 30.336896362564232
96.41779534071713 30.261943340879316
96.46776402184048 30.186990319194607
96.50345593692845 30.13345244656253
96.53914785201624 30.07991457393059
96.58197815012193 30.022807509789846
96.64979278878924 29.972838828666717
96.68072578186549 29.83364035982349
96.70214093091833 29.762256529647498
96.7378328460061 29.636145096336538
96.76876583908248 29.579038032195697
96.78780152712945 29.517172046043264
96.83539074724678 29.43627037184378
96.89773262560038 29.36250708066196
96.91557858314452 29.343233446514493
96.93984908540422 29.32681516557398
96.97125797068169 29.310396884633516
97.00266685595902 29.29826163350347
97.02122665180487 29.281129514261306
97.03835877104711 29.259000526906796
97.04835250727173 29.24829295238033
97.07952344644865 29.234492078546307
97.13853407939406 29.202131408866634
97.19373757473024 29.16215646396799
97.2280018132146 29.141217207116362
97.25084463887102 29.122181519069546
97.28510887735548 29.09743512460851
97.31937311584001 29.070785161342812
97.34983021671496 29.04984590449115
97.374576611176 29.02129237242066
97.39741943683225 28.992738840350327
97.41074441846516 28.96989601469392
97.43168367531682 28.929921069795483
97.46404434499655 28.891849693701644
97.48117646423876 28.840453335974914
97.48117646423876 28.82522478553734
97.47927289543411 28.78905697824817
97.47356218902009 28.762407014982408
97.46594791380119 28.724335638888633
97.48974252385982 28.66532500594322
97.59681826912382 28.444035132397644
97.62537180119432 28.322682621098483
97.66820209929979 28.21560687583448
97.66820209929979 28.144223045658535
97.64678695024723 28.05856244944719
97.64678695024715 27.972901853236124
97.67534048231751 27.880102874007292
97.79669299361663 27.773027128743333
97.88131495509889 27.64004976070002
97.74315512098468 27.67772971545843
97.58135177258573 27.696765403505427
97.43262810823302 27.62983975454641
97.40629950095648 27.646733380410883
97.39630926482884 27.61349627501486
97.39099489211651 27.61110480729413
97.28629860785836 27.55399774315351
97.2482272317645 27.420747926824877
97.21967369969408 27.306533798543402
97.13401310348289 27.249426734402572
97.03883466324825 27.258944578426096
96.92462053496668 27.32556948659025
96.81040640668517 27.43026577084835
96.62004952621594 27.52544421108298
96.50583539793426 27.6015869632708
96.34403204953531 27.67772971545843
96.25703729680683 27.742975780004365
96.14152057353938 27.872573398619867
95.83309421653767 28.153338630725486
95.59582555289406 28.211587293057512
95.33294456794735 28.337004706011964
95.14094194959128 28.50268277752447
95.10607650408375 28.50830216605288
95.10704463219139 28.509102380672935
95.09434819503191 28.524686954054935
95.09088632912142 28.539161370224708
95.08742446321084 28.556974732513293
95.06895532071348 28.56365262475069
95.0539480441266 28.57812704092052
95.04702431230544 28.592597219849033
95.03317245543217 28.61374952825642
95.03086600923534 28.62488076106607
95.02971058952205 28.642694123354964
95.01585873264897 28.646033069473095
94.99508314395455 28.6371306255707
94.99046585833013 28.65493975061764
95.00085145606177 28.669414166787355
94.9927723045268 28.68165979405064
94.9812312870812 28.692791026860313
94.9535275733353 28.708379837483115
94.93736927026505 28.721735621958672
94.91082097623298 28.730642303103078
94.8946626731634 28.72285001641194
94.8831216557175 28.730642303103046
94.88427268220073 28.745116719272644
94.89927995878716 28.760701292654556
94.92582825282004 28.76404023877308
94.9419865558899 28.770722368252322
94.94198655588995 28.77962904939655
94.93044553844446 28.786306941633995
94.90735911032247 28.79521362277805
94.90043537850116 28.790760282206207
94.87388708446883 28.798552568897115
94.86580353970304 28.79298483387136
94.84272150481227 28.786306941633985
94.83117609413596 28.78296799551547
94.80232135390673 28.788531493299573
94.79424220237175 28.799666963350496
94.80232135390673 28.8119125906139
94.81501779106613 28.818590482850972
94.81617321077981 28.833064899020666
94.79885948799614 28.83974279125832
94.77461764016023 28.839742791258278
94.77808389930185 28.85533160188146
94.7884694970335 28.873140726928938
94.79193136294454 28.889839694764195
94.80809405924465 28.90097516481517
94.82886964793904 28.89763198145522
94.83925963890158 28.905428505387277
94.84618337072274 28.91767413265079
94.8669589594169 28.921013078768784
94.88658352162811 28.931034154366692
94.9050482708949 28.939936598269703
94.91659368157096 28.953296619986176
94.92351741339255 28.96999558782143
94.92005554748192 28.98001666341899
94.92121096719573 29.000054577373025
94.92005554748155 29.017867939661645
94.9350628240686 29.02343567468727
94.94891028771052 29.037905853615417
94.95467169883841 29.059648698095348
94.97560983838214 29.081685758280308
94.99845024700244 29.092708527898832
95.01938399331537 29.08719714308969
95.03841547055076 29.092708527898832
95.03841547055073 29.1074027277065
95.03270866331852 29.131279742511534
95.04222440193611 29.144133987698286
95.09170975733257 29.151481087601717
95.10122549594985 29.16249961769412
95.11264350364512 29.173522387312765
95.13358164318853 29.18270520231116
95.1526131204239 29.201070832306783
95.171644597659 29.215765032114216
95.1925827372024 29.22862351682703
95.22684115351805 29.23597061673111
95.25158383121604 29.248824861917278
95.27822877799211 29.25433624672687
95.29155344799503 29.270866161628696
95.30868265615322 29.29106750671843
95.32771413338806 29.302090276337726
95.35816801154925 29.327803006237403
95.37719948878458 29.353515736136792
95.39242642786508 29.364534266229025
95.40384443555985 29.382904135751627
95.41716910556306 29.40861686565135
95.43429831372121 29.42514678055274
95.4495208595709 29.439840980359925
95.44000512095313 29.450859510452354
95.42477818187223 29.458206610356175
95.4285871132585 29.471065095069534
95.43239165141307 29.483919340255667
95.41716910556305 29.49861354006283
95.3905197655569 29.50044925515723
95.39623096601973 29.52065483977374
95.39432869694267 29.535349039581575
95.39432869694258 29.55187895448312
95.40003989740539 29.568408869384726
95.40764897371481 29.581263114571517
95.42097364371803 29.59595731437839
95.40955563602323 29.610651514186078
95.39051976555682 29.62167004427779
95.39623096601977 29.64003567427394
95.38481295832537 29.663912689078963
95.38290629601636 29.682282558602143
95.35245681108655 29.685953988790565
95.32955820025298 29.70125193241065
95.32771413338826 29.702483903691967
95.32200293292512 29.72084953368793
95.31248719430756 29.744726548493194
95.3105849252304 29.774114948107748
95.3105849252306 29.80166339310196
95.2858422475319 29.803503347722767
95.24968156213906 29.80166339310209
95.23445462305835 29.786973432821
95.2249388844407 29.792480578104307
95.21351648351497 29.80717477791128
95.22303222213209 29.82186897771874
95.22874342259522 29.838398892620276
95.2306456916726 29.856764522616338
95.21542314582321 29.8732944375179
95.19897345455024 29.89153110143185
95.19412495455033 29.878610637349645
95.19273595455034 29.869770637349642
95.1871839545507 29.86093063735008
95.18301695455028 29.845970637349954
95.17954695455008 29.8282946373498
95.17277935916039 29.818907996005443
95.16347081192227 29.814458965569333
95.16532135009766 29.81377601623533
95.16652679443368 29.813714981079094
95.16758728027357 29.813375473022557
95.16833496093764 29.812973022460973
95.17012023925781 29.81493377685537
95.1710891723633 29.814050674438434
95.1718673706055 29.812763214111257
95.17275238037125 29.812257766723654
95.1739654541018 29.811986923217933
95.17456054687507 29.811374664306594
95.17482261561106 29.81078564573996
95.10680359352462 29.781634636274266
94.91792625446939 29.743859168463192
94.91035552272776 29.717361607367906
94.9057118817744 29.6987870435545
94.8964245998677 29.656994274974227
94.91035552272774 29.62913242925421
94.91035552272783 29.56412145590714
94.89178095891431 29.53625961018717
94.86391911319437 29.517685046373725
94.81283906270741 29.489823200653557
94.7385408074538 29.48517955970018
94.60387521980648 29.485179559700164
94.53886424645957 29.45731771398001
94.44134778643917 29.41552494539993
94.38562409499899 29.35980125395962
94.28346399402523 29.285502998706026
94.15344204733134 29.21120474345241
94.08843107398425 29.211204743452434
93.99091461396401 29.22049202535912
93.89339815394362 29.1879865386856
93.89046394944721 29.18691955523238
93.8715714718087 29.180049563363845
93.84231810345666 29.16941197487217
93.7936016703417 29.17613148288809
93.70765251580954 29.187986538685557
93.63799790150912 29.178699256778888
93.4661831862351 29.16941197487215
93.45102302025262 29.158916475345983
93.40581585384136 29.12761920629222
93.36866672621466 29.062608232945127
93.2943684709611 29.030102746271684
93.20149565189385 29.034746387225045
93.12255375568691 29.05796459199176
92.97860088613304 29.071895514851803
92.90894627183283 29.085826437711916
92.83464801657901 29.109044642478725
92.78825997617935 29.125611799764343
92.69855699132651 29.121104112083234
92.64890237844493 29.141550129152012
92.56067320033125 29.1554810520121
92.55489289019191 29.1554810520121
92.5208312133948 29.17393112694373
92.46264683484189 29.23858043644706
92.33334821583549 29.245045367397264
92.15233014922639 29.283834953099422
91.99070687546812 29.251510298347686
91.97231830849697 29.252659583783373
91.96164351734872 29.25764115298588
91.87341433923503 29.280859357752636
91.73410511063439 29.262284793939237
91.63658865061397 29.28550299870601
91.57622131822043 29.29479028061275
91.41369388485316 29.294790280612737
91.29760286101934 29.308721203472807
91.15829363241863 29.322652126332883
91.04684624953812 29.322652126332894
90.92146794379777 29.33193940823964
90.86110061140407 29.318008485379565
90.82643914857384 29.302253275002137
90.768227792337 29.308721203472896
90.67336966293111 29.305756886928954
90.64572660170523 29.304893041265693
90.6196312818298 29.304077562519495
90.58248215420295 29.285502998706
90.50354025799595 29.276215716799246
90.41531107988227 29.276215716799246
90.40138015702216 29.304077562519495
90.32708190176855 29.304077562519502
90.2434963646081 29.322652126332915
90.18572314405333 29.3408963012451
90.16296884073962 29.34808187071249
90.1552671864944 29.35051397205306
90.07373388440872 29.3403223092924
90.04381980361394 29.336583049192978
90.01066503073355 29.334838061146687
89.8702095237618 29.322624538801193
89.73444597380501 29.32908946975156
89.5906676920235 29.343963085108395
89.60386825608505 29.41211660263066
89.5909983613671 29.563159724637984
89.80081292481871 29.93153927218668
89.97508809775131 30.144619914959307
90.15446459278095 30.426592732527798
90.18599024154707 30.4535552728714
90.3865268239883 30.625065643190766
90.5232125724468 30.653869506795182
90.9290162602969 30.87256963033824
91.04538367298515 31.00580575524376
91.3519178008006 31.19316416240092
91.71892130122265 31.313077768854594
91.9412930405619 31.318536975204022
92.12650899774154 31.31941258736204
92.13469263943651 31.319451275692284
92.26898138159903 31.38125163127872
92.45246605559643 31.509422957374888
93.34260238640883 31.506596405918227
93.88005169179071 31.493600739454585
93.8976555653727 31.490842454170146
94.42375495402412 31.40840990345311
94.61724464444917 31.15653582153881
> -L "12" 
103.33985713350532 29.865303021734213
103.5119025010796 29.678193288793516
103.48680443278147 29.594084167007217
103.3532204492178 29.421187285918005
103.21164826582833 29.272033695853054
103.00443505321466 29.132369766414246
102.83582620064075 29.043525729147795
102.64252472819902 28.833288245397622
102.64299965086306 28.57227183974524
102.60229674876378 28.373834426730635
102.48480671544709 28.061462492466834
102.29893389281442 27.87230398402896
102.15260618501141 27.716968476541396
102.14901862348933 27.555692371493294
102.08671415321584 27.15301873844235
102.04371429034387 26.84668980414271
101.94488262538597 26.505461041113943
101.91968885947125 26.468574345763315
101.91197080326182 26.49751705654878
101.80727451900387 26.564141964713077
101.50270351025297 26.507034900572265
101.27427525368971 26.383302928267305
101.12198974931425 26.34523155217351
100.99372928350476 26.22175349894097
100.01081674211116 25.839268832618643
98.986558308492 25.61512158095887
98.33509725852753 25.822999218384865
98.2877605948361 26.526778651236683
98.3713328265332 26.83064159736999
98.33326145043921 27.059069853933245
98.20195405125843 27.28065109005113
98.19049379008744 27.33508733061362
98.03820828571199 27.506408523036075
97.95254768950068 27.620622651317532
97.8813149550989 27.640049760699963
97.79669299361657 27.773027128743333
97.67534048231745 27.880102874007292
97.64678695024713 27.972901853236092
97.64678695024713 28.05856244944724
97.66820209929978 28.144223045658535
97.66820209929978 28.215606875834503
97.6253718011943 28.322682621098483
97.59681826912382 28.444035132397637
97.48974252385985 28.665325005943206
97.46594791380119 28.724335638888633
97.47356218902006 28.762407014982454
97.47927289543412 28.789056978248155
97.48117646423876 28.82522478553734
97.48117646423876 28.8404533359749
97.46404434499655 28.891849693701644
97.4316836753168 28.929921069795466
97.41074441846519 28.96989601469392
97.39741943683225 28.992738840350352
97.374576611176 29.02129237242067
97.34983021671493 29.04984590449119
97.31937311583998 29.070785161342812
97.28510887735541 29.09743512460851
97.25084463887103 29.122181519069546
97.2280018132146 29.141217207116362
97.19373757473022 29.162156463968014
97.13853407939403 29.20213140886661
97.07952344644859 29.234492078546374
97.04835250727174 29.24829295238033
97.03835877104706 29.259000526906753
97.02122665180485 29.281129514261295
97.00266685595906 29.29826163350347
96.9712579706817 29.310396884633498
96.93984908540418 29.32681516557398
96.91557858314451 29.343233446514457
96.89773262560041 29.362507080661953
96.83539074724675 29.43627037184378
96.78780152712943 29.517172046043232
96.76876583908242 29.579038032195697
96.7378328460061 29.636145096336538
96.70214093091829 29.762256529647473
96.68072578186546 29.833640359823473
96.64979278878914 29.972838828666678
96.5819781501219 30.022807509789846
96.53914785201624 30.07991457393063
96.50345593692845 30.13345244656253
96.46776402184045 30.186990319194607
96.41779534071713 30.261943340879316
96.37139585110273 30.336896362564232
96.36068827657631 30.38686504368738
96.40351857468197 30.41898776726661
96.45705644731405 30.443972107828177
96.49274836240203 30.465387256881034
96.49274836240203 30.49394078895133
96.45348725580511 30.611724108741697
96.41779534071713 30.704523087970518
96.41065695769964 30.76519934362009
96.37496504261165 30.815168024743226
96.30358121243567 30.857998322848886
96.16438274359247 30.922243770007192
96.03589184927569 30.943658919059995
95.95023125306454 30.965074068112834
95.87218783385384 30.99700092142638
95.8717090398709 30.99719679169207
95.82174035874775 31.043596281306492
95.80032520969493 31.104272536956007
95.78604844365958 31.168517984114363
95.80032520969493 31.21848666523766
95.82530955025649 31.25774777183438
95.80389440120368 31.297008878431125
95.72537218801003 31.346977559554293
95.66826512386939 31.39337704916886
95.51478988899103 31.45048411330952
95.45054444183253 31.475468453871077
95.38272980316549 31.507591177450323
95.35060707958624 31.54328309253832
95.36845303713015 31.5718366246088
95.44340605881504 31.589682582152715
95.52906665502618 31.600390156679108
95.68254188990454 31.607528539696602
95.77534086913334 31.607528539696595
95.88598580590606 31.600390156679108
95.94666206155563 31.61823611422302
95.97521559362612 31.64322045478476
96.01804589173159 31.661066412328672
96.06087618983724 31.64678964629353
96.12155244548681 31.607528539696602
96.1501059775573 31.575405816117527
96.21078223320687 31.543283092538296
96.28454552438868 31.53495497901772
96.33451420551182 31.506401446947393
96.38448288663497 31.484986297894544
96.41660561021422 31.435017616771407
96.44872833379345 31.406464084701103
96.4986970149166 31.374341361121846
96.54152731302226 31.3564954035778
96.57365003660132 31.32794187150743
96.59506518565415 31.295819147928214
96.60577276018057 31.238712083787412
96.62718790923338 31.192312594173007
96.66287982432138 31.149482296067518
96.68429497337421 31.124497955505976
96.70927931393578 31.12092876399703
96.75210961204127 31.12449795550595
96.76638637807659 31.12449795550595
96.80207829316458 31.085236848909044
96.83420101674365 31.045975742312287
96.89844646390213 31.00671463571559
96.94841514502528 30.978161103645085
96.99124544313094 30.960315146101195
97.03050654972768 30.95317676308349
97.06976765632459 30.924623231013186
97.1161671459388 30.885362124416265
97.16613582706213 30.846101017819553
97.23395046572935 30.83896263480187
97.27678076383484 30.835393443293132
97.32674944495798 30.863946975363447
97.34816459401081 30.92819242252195
97.34102621099332 30.974591912136333
97.28748833836124 31.02099140175073
97.21253531667654 31.088806040417985
97.17684340158854 31.20302016869942
97.17327421007963 31.267265615857884
97.1911201676237 31.331511063016247
97.19825855064119 31.40289489319218
97.16970501857088 31.460001957332995
97.12687472046522 31.549231745053074
97.10902876292131 31.613477192211366
97.05549089028924 31.695568596913763
97.02693735821893 31.774090810107364
97.00195301765734 31.845474640283374
96.98053786860453 31.92042766196809
96.94170956160804 31.9810968916501
96.99124544313094 32.03476076329999
97.02693735821893 32.032381302293956
97.06976765632459 32.01334561424711
97.11259795443006 31.996689387205976
97.15542825253571 31.97527423815316
97.19825855064119 31.994309926200184
97.23870938774101 32.03476076329999
97.26726291981134 32.070452678387795
97.30295483489932 32.07283213939379
97.36244136004598 32.07283213939379
97.41954842418679 32.05617591235262
97.48617333235092 32.027622380282295
97.52900363045657 32.02048399726464
97.56231608453874 32.00382777022365
97.59800799962673 31.994309926200177
97.64797668074988 31.996689387205976
97.69318643986136 32.01572507525299
97.74553458199034 32.05617591235264
97.79312380210766 32.096626749452454
97.82405679518398 32.12042135951109
97.84071302222515 32.14183650856376
97.8811638593248 32.14897489158144
97.93113254044795 32.173959232143005
97.9739628385536 32.195374381195826
98.0405877467179 32.204892225219325
98.09055642784105 32.19537438119581
98.1310072649407 32.195374381195826
98.15480187499936 32.21916899125449
98.18811432908151 32.233445757289644
98.20715001712834 32.25486090634247
98.21190893914019 32.29531174344229
98.20952947813436 32.328624197524285
98.23974863290879 32.339331772050706
98.2683021649791 32.333621065636656
98.31018067868236 32.32600679041793
98.3596734676043 32.32981392802719
98.43200908218267 32.32600679041793
98.53670536644081 32.28032113910527
98.75561577898057 32.18704626767527
98.80701213670716 32.16229987321415
98.82414425594952 32.179431992456564
98.84317994399635 32.207985524526904
98.87934775128554 32.247960469425514
98.93455124662171 32.30887467117557
99.02949174075566 32.27841757030065
99.06815798210093 32.26652026527132
99.13061883350505 32.272468917785865
99.1871310323944 32.28139189655791
99.25851486257038 32.26354593901384
99.31502706145956 32.22487969766856
99.35369330280501 32.16241884626462
99.41615415420895 32.105906647375285
99.45482039555422 32.08806068983118
99.4905123106422 32.031548490941816
99.52917855198766 31.992882249596533
99.56784479333294 31.945293029479256
99.62435699222212 31.90662678813394
99.65410025479554 31.879857851817995
99.68979216988352 31.814422674156607
99.73738139000083 31.766833454039286
99.7760476313461 31.71626990766469
99.8117395464341 31.66868068754738
99.93071259672739 31.647860403745995
100.0110194056754 31.6270401199448
100.09132621462342 31.621091467430045
100.17460734982873 31.621091467430034
100.2430168537474 31.644886077488735
100.4399172519827 31.552681963511343
100.67310443055763 31.36232508304208
100.90153268712072 31.186244968608
100.9919522053437 31.09106652837338
101.11092525563699 31.000647010150377
101.1775501638013 30.953057790033235
101.22038046190679 30.962575634056588
101.23465722794211 31.024441620209238
101.18706800782462 31.14817359251418
101.17279124178947 31.29570017487778
101.1585144757543 31.409914303159418
101.20134477385996 31.43370891321807
101.28700537007109 31.45274460126506
101.33935351220006 31.481298133335404
101.41549626438788 31.552681963511365
101.45832656249354 31.62882471569919
101.50591578261069 31.68117285782816
101.52971039266951 31.733520999957314
101.57254069077499 31.790628064097938
101.60585314485715 31.809663752144946
101.65820128698613 31.828699440191947
101.73434403917395 31.838217284215283
101.82476355739692 31.823940518180123
101.88187062153756 31.809663752144964
101.92470091964321 31.828699440191947
101.96753121774869 31.881047582320925
102.04367396993649 31.928636802438252
102.02939720390134 32.014297398649354
102.02939720390134 32.08568122882535
102.0627096579835 32.15230613698967
102.12457564413597 32.19037751308346
102.19120055230029 32.2379667332008
102.24830761644093 32.27603810929462
102.34970706293956 32.36754492686646
102.57295726452656 32.38109037355422
102.74333987558846 32.44789099278217
102.92606245083294 32.569161312795195
103.13604389463879 32.61873870603395
103.31520498556506 32.593416953580224
103.52179117523646 32.5638926013857
103.68457785839311 32.65327519646392
103.8788995865664 32.69272144874929
104.1104929941703 32.64731168643475
104.16554386987951 32.45833972974922
104.17239739107842 32.36690238834968
104.27099702624866 32.36344369170689
104.43747549243571 32.40618570822799
104.66480005004729 32.405501911429084
104.78330220936351 32.308083150444936
104.8225232625681 32.17752545580969
105.0141119492971 32.09107425043872
104.94945377823548 31.94264578394844
104.76781708570506 31.835052925910915
104.6494224865195 31.694862369351107
104.48488974354592 31.595650386111704
104.3310208398764 31.539926662883023
104.23244343037794 31.419082008079155
104.08935178004066 31.225671561648724
103.95944659426536 31.08676002841529
103.83139243841111 31.015386199383304
103.69993358439906 30.989679238063317
103.65931807883175 30.871215981540168
103.58698275023369 30.73479015551194
103.52218759268004 30.631172139988372
103.34799299186753 30.407755899355323
103.19286707752528 30.204010385325823
103.13911137054185 30.019350960575753
103.1845456561232 29.910784264593623
103.33985713350532 29.865303021734213
